world: 8a6b1ce4-d6b5-45f9-8df2-9e48792eabe5
world-name: services
x: 13.484783671815576
y: -60.0
z: -32.773832746784244
yaw: 8.699798583984375
pitch: 30.899991989135742
name: Bank
lastowner: 5c921540-f002-4224-8ee6-db49852aff8c
